
6
8
11
8
14
10
19
6
6
19
19
9
19
6
2
11
12
7
18
0
11
4
2
6
6
1
8
0
13
14
11
5
4
14
13
15
16
17
10
4
2
14
5
18
15
8
2
19
2
0
1
4
19
1
13
17
12
11
17
1
0
4
13
14
1
0
5
3
6
0
14
10
12
16
0
18
19
3
5
1
13
9
17
10
9
2
0
14
12
12
12
3
19
18
1
10
18
12
18
10
5
10
10
16
10
7
9
4
15
4
15
13
10
2
13
12
19
16
15
4
11
15
3
2
3
11
10
11
14
17
12
17
4
17
16
12
5
6
19
18
13
6
14
11
16
10
12
12
7
12
18
13
3
17
2
9
14
9
2
18
11
4
1
9
12
0
14
6
11
1
16
7
10
14
11
11
17
14
2
5
12
17
4
11
8
7
0
4
8
12
2
4
8
18
0
3
4
17
0
4
18
16
3
18
13
0
8
11
15
17
18
3
10
17
6
19
4
12
18
1
10
9
8
10
9
7
11
2
9
17
0
6
14
9
1
8
17
3
12
11
15
10
8
10
12
17
8
6
1
1
9
7
19
18
1
15
15
8
4
10
18
13
15
7
16
3
6
17
13
15
4
1
11
11
12
16
1
1
15
6
13
3
17
13
4
17
2
5
9
19
4
11
16
2
0
0
19
5
4
7
9
9
5
14
15
1
6
2
19
17
9
2
14
8
3
16
11
7
12
3
9
7
5
1
2
5
5
12
14
0
1
7
5
14
11
13
19
11
16
0
12
3
15
8
10
15
13
11
10
16
15
12
11
10
1
6
3
19
15
3
11
16
12
5
3
6
14
5
10
17
5
10
12
18
19
7
9
0
14
13
0
2
0
18
16
1
11
0
6
1
6
16
14
9
11
2
1
5
9
17
8
11
4
0
17
3
16
18
6
1
4
0
17
13
12
6
9
0
2
3
6
15
12
3
2
1
9
8
13
2
4
3
0
10
3
9
0
10
7
12
7
14
14
9
5
4
11
11
15
4
6
13
13
5
16
4
6
4
7
16
5
17
13
4
10
16
12
13
1
3
16
8
0
4
7
11
17
12
14
0
16
3
14
14
17
8
9
5
7
1
18
18
19
1
5
16
14
9
12
8
0
2
16
8
4
12
17
18
4
14
13
0
10
7
19
6
10
1
12
9
4
19
18
16
5
19
7
16
13
10
10
15
18
16
14
10
9
17
11
12
3
11
5
19
9
8
19
6
1
17
9
3
5
14
15
2
9
13
2
13
19
11
17
3
2
5
2
16
7
8
15
16
7
8
13
7
5
12
9
14
9
4
4
19
5
6
17
1
14
9
19
17
15
4
18
17
17
14
10
14
11
3
0
5
6
10
6
5
7
19
4
5
10
5
11
14
15
5
18
10
18
0
18
1
5
18
6
4
5
14
19
18
8
17
8
3
11
10
16
2
9
14
17
9
3
17
6
13
2
18
9
5
17
19
17
18
18
3
13
19
12
3
9
0
11
1
16
17
9
0
18
8
14
5
8
12
6
7
7
14
15
16
10
6
5
17
11
10
14
1
6
14
5
6
4
6
18
8
2
9
11
2
15
7
11
8
11
5
13
3
17
11
3
0
18
3
18
7
5
9
4
8
2
10
11
5
6
17
6
14
6
13
9
0
3
19
17
0
17
11
11
7
8
11
18
12
17
7
5
11
17
4
6
5
17
5
18
9
6
6
5
3
8
11
10
2
9
16
18
8
13
15
8
10
0
11
4
1
19
6
17
8
15
10
2
19
11
14
1
15
8
12
3
7
13
0
8
12
6
2
14
5
18
15
4
13
16
18
11
19
13
9
6
18
5
0
10
2
10
18
18
7
6
0
15
9
10
7
15
10
2
11
16
10
16
2
12
6
7
1
1
8
5
9
15
13
3
2
17
19
4
12
19
12
3
6
6
6
15
16
14
16
4
17
11
0
10
2
13
2
3
0
9
11
10
18
3
12
15
2
17
1
4
19
6
19
9
16
14
5
0
3
10
16
9
12
17
15
7
17
11
19
12
6
2
9
12
8
12
5
4
2
12
13
0
4
13
2
10
16
16
11
6
7
10
2
13
12
17
15
8
4
5
19
19
4
8
5
12
7
8
11
13
2
14
18
8
2
4
5
9
4
17
9
12
7
15
16
7
13
1
11
6
17
16
5
1
10
18
1
17
10
9
14
2
10
11
7
12
9
4
3
5
8
14
8
15
8
11
18
15
8
2
1
9
12
16
2
19
5